0 fv: 0.803125 [0, 0, 5, 'exec', 2032, 512, 192, 168, 1, 30, 192, 168, 0, 20, 'port-scan']
1 fv: 0.803125 [0, 0, 40, 'telnet', 1914, 23, 192, 168, 1, 30, 192, 168, 0, 20, 'guess']
2 fv: 0.803125 [0, 0, 2, 'rsh', 1022, 1021, 192, 168, 1, 30, 192, 168, 0, 20, 'rsh']
3 fv: 0.803125 [0, 0, 5, 'exec', 2032, 512, 192, 168, 1, 30, 192, 168, 0, 20, 'port-scan']
4 fv: 0.803125 [0, 0, 22, 'telnet', 1867, 23, 192, 168, 1, 30, 192, 168, 0, 20, 'guess']
5 fv: 0.803125 [0, 0, 22, 'telnet', 1867, 23, 192, 168, 1, 30, 192, 168, 0, 20, 'guess']
6 fv: 0.803125 [0, 0, 5, 'telnet', 2020, 23, 192, 168, 1, 30, 192, 168, 0, 20, 'port-scan']
7 fv: 0.803125 [0, 0, 22, 'telnet', 1867, 23, 192, 168, 1, 30, 192, 168, 0, 20, 'guess']
8 fv: 0.803125 [0, 0, 5, 'telnet', 2020, 23, 192, 168, 1, 30, 192, 168, 0, 20, 'port-scan']
9 fv: 0.803125 [0, 0, 40, 'telnet', 1914, 23, 192, 168, 1, 30, 192, 168, 0, 20, 'guess']
10 fv: 0.803125 [0, 0, 40, 'telnet', 1914, 23, 192, 168, 1, 30, 192, 168, 0, 20, 'guess']
11 fv: 0.803125 [0, 0, 40, 'telnet', 1914, 23, 192, 168, 1, 30, 192, 168, 0, 20, 'guess']
12 fv: 0.803125 [0, 0, 2, 'rsh', 1022, 1021, 192, 168, 1, 30, 192, 168, 0, 20, 'rsh']
13 fv: 0.803125 [0, 0, 2, 'rsh', 1023, 1021, 192, 168, 1, 30, 192, 168, 0, 20, 'rcp']
14 fv: 0.803125 [0, 0, 4, 'rsh', 2030, 1021, 192, 168, 1, 30, 192, 168, 0, 20, 'port-scan']
15 fv: 0.803125 [0, 0, 4, 'rsh', 2030, 1021, 192, 168, 1, 30, 192, 168, 0, 20, 'port-scan']
16 fv: 0.803125 [0, 0, 2, 'rsh', 1023, 1021, 192, 168, 1, 30, 192, 168, 0, 20, 'rcp']
17 fv: 0.803125 [0, 0, 2, 'rsh', 1022, 1021, 192, 168, 1, 30, 192, 168, 0, 20, 'rsh']
18 fv: 0.803125 [0, 0, 5, 'telnet', 2020, 23, 192, 168, 1, 30, 192, 168, 0, 20, 'port-scan']
19 fv: 0.803125 [0, 0, 4, 'rsh', 2030, 1021, 192, 168, 1, 30, 192, 168, 0, 20, 'port-scan']
20 fv: 0.803125 [0, 0, 14, 'rlogin', 1022, 513, 192, 168, 1, 30, 192, 168, 0, 20, 'rlogin']
21 fv: 0.803125 [0, 0, 2, 'rsh', 1022, 1021, 192, 168, 1, 30, 192, 168, 0, 20, 'rsh']
22 fv: 0.803125 [0, 0, 40, 'telnet', 1914, 23, 192, 168, 1, 30, 192, 168, 0, 20, 'guess']
23 fv: 0.803125 [0, 0, 22, 'telnet', 1867, 23, 192, 168, 1, 30, 192, 168, 0, 20, 'guess']
24 fv: 0.803125 [0, 0, 40, 'telnet', 1914, 23, 192, 168, 1, 30, 192, 168, 0, 20, 'guess']
25 fv: 0.803125 [0, 0, 22, 'telnet', 1867, 23, 192, 168, 1, 30, 192, 168, 0, 20, 'guess']
26 fv: 0.803125 [0, 0, 40, 'telnet', 1914, 23, 192, 168, 1, 30, 192, 168, 0, 20, 'guess']
27 fv: 0.803125 [0, 0, 22, 'telnet', 1867, 23, 192, 168, 1, 30, 192, 168, 0, 20, 'guess']
28 fv: 0.803125 [0, 0, 40, 'telnet', 1914, 23, 192, 168, 1, 30, 192, 168, 0, 20, 'guess']
29 fv: 0.803125 [0, 0, 22, 'telnet', 1867, 23, 192, 168, 1, 30, 192, 168, 0, 20, 'guess']
30 fv: 0.803125 [0, 0, 40, 'telnet', 1914, 23, 192, 168, 1, 30, 192, 168, 0, 20, 'guess']
31 fv: 0.803125 [0, 0, 22, 'telnet', 1867, 23, 192, 168, 1, 30, 192, 168, 0, 20, 'guess']
32 fv: 0.803125 [0, 0, 40, 'telnet', 1914, 23, 192, 168, 1, 30, 192, 168, 0, 20, 'guess']
33 fv: 0.803125 [0, 0, 22, 'telnet', 1867, 23, 192, 168, 1, 30, 192, 168, 0, 20, 'guess']
34 fv: 0.803125 [0, 0, 40, 'telnet', 1914, 23, 192, 168, 1, 30, 192, 168, 0, 20, 'guess']
35 fv: 0.803125 [0, 0, 22, 'telnet', 1867, 23, 192, 168, 1, 30, 192, 168, 0, 20, 'guess']
36 fv: 0.803125 [0, 0, 40, 'telnet', 1914, 23, 192, 168, 1, 30, 192, 168, 0, 20, 'guess']
37 fv: 0.803125 [0, 0, 22, 'telnet', 1867, 23, 192, 168, 1, 30, 192, 168, 0, 20, 'guess']
38 fv: 0.803125 [0, 0, 40, 'telnet', 1914, 23, 192, 168, 1, 30, 192, 168, 0, 20, 'guess']
39 fv: 0.803125 [0, 0, 22, 'telnet', 1867, 23, 192, 168, 1, 30, 192, 168, 0, 20, 'guess']
40 fv: 0.803125 [0, 0, 40, 'telnet', 1914, 23, 192, 168, 1, 30, 192, 168, 0, 20, 'guess']
41 fv: 0.803125 [0, 0, 22, 'telnet', 1867, 23, 192, 168, 1, 30, 192, 168, 0, 20, 'guess']
42 fv: 0.803125 [0, 0, 40, 'telnet', 1914, 23, 192, 168, 1, 30, 192, 168, 0, 20, 'guess']
43 fv: 0.803125 [0, 0, 22, 'telnet', 1867, 23, 192, 168, 1, 30, 192, 168, 0, 20, 'guess']
44 fv: 0.803125 [0, 0, 40, 'telnet', 1914, 23, 192, 168, 1, 30, 192, 168, 0, 20, 'guess']
45 fv: 0.803125 [0, 0, 22, 'telnet', 1867, 23, 192, 168, 1, 30, 192, 168, 0, 20, 'guess']
46 fv: 0.803125 [0, 0, 40, 'telnet', 1914, 23, 192, 168, 1, 30, 192, 168, 0, 20, 'guess']
47 fv: 0.803125 [0, 0, 22, 'telnet', 1867, 23, 192, 168, 1, 30, 192, 168, 0, 20, 'guess']
48 fv: 0.803125 [0, 0, 40, 'telnet', 1914, 23, 192, 168, 1, 30, 192, 168, 0, 20, 'guess']
49 fv: 0.803125 [0, 0, 22, 'telnet', 1867, 23, 192, 168, 1, 30, 192, 168, 0, 20, 'guess']
50 fv: 0.803125 [0, 0, 40, 'telnet', 1914, 23, 192, 168, 1, 30, 192, 168, 0, 20, 'guess']
51 fv: 0.803125 [0, 0, 22, 'telnet', 1867, 23, 192, 168, 1, 30, 192, 168, 0, 20, 'guess']
52 fv: 0.803125 [0, 0, 40, 'telnet', 1914, 23, 192, 168, 1, 30, 192, 168, 0, 20, 'guess']
53 fv: 0.803125 [0, 0, 22, 'telnet', 1867, 23, 192, 168, 1, 30, 192, 168, 0, 20, 'guess']
54 fv: 0.803125 [0, 0, 40, 'telnet', 1914, 23, 192, 168, 1, 30, 192, 168, 0, 20, 'guess']
55 fv: 0.803125 [0, 0, 22, 'telnet', 1867, 23, 192, 168, 1, 30, 192, 168, 0, 20, 'guess']
56 fv: 0.803125 [0, 0, 40, 'telnet', 1914, 23, 192, 168, 1, 30, 192, 168, 0, 20, 'guess']
57 fv: 0.803125 [0, 0, 22, 'telnet', 1867, 23, 192, 168, 1, 30, 192, 168, 0, 20, 'guess']
58 fv: 0.803125 [0, 0, 40, 'telnet', 1914, 23, 192, 168, 1, 30, 192, 168, 0, 20, 'guess']
59 fv: 0.803125 [0, 0, 22, 'telnet', 1867, 23, 192, 168, 1, 30, 192, 168, 0, 20, 'guess']
60 fv: 0.803125 [0, 0, 40, 'telnet', 1914, 23, 192, 168, 1, 30, 192, 168, 0, 20, 'guess']
61 fv: 0.803125 [0, 0, 22, 'telnet', 1867, 23, 192, 168, 1, 30, 192, 168, 0, 20, 'guess']
62 fv: 0.803125 [0, 0, 40, 'telnet', 1914, 23, 192, 168, 1, 30, 192, 168, 0, 20, 'guess']
63 fv: 0.803125 [0, 0, 22, 'telnet', 1867, 23, 192, 168, 1, 30, 192, 168, 0, 20, 'guess']
64 fv: 0.803125 [0, 0, 40, 'telnet', 1914, 23, 192, 168, 1, 30, 192, 168, 0, 20, 'guess']
65 fv: 0.803125 [0, 0, 22, 'telnet', 1867, 23, 192, 168, 1, 30, 192, 168, 0, 20, 'guess']
66 fv: 0.803125 [0, 0, 40, 'telnet', 1914, 23, 192, 168, 1, 30, 192, 168, 0, 20, 'guess']
67 fv: 0.803125 [0, 0, 4, 'rsh', 2030, 1021, 192, 168, 1, 30, 192, 168, 0, 20, 'port-scan']
68 fv: 0.803125 [0, 0, 5, 'exec', 2032, 512, 192, 168, 1, 30, 192, 168, 0, 20, 'port-scan']
69 fv: 0.803125 [0, 0, 5, 'telnet', 2020, 23, 192, 168, 1, 30, 192, 168, 0, 20, 'port-scan']
70 fv: 0.803125 [0, 0, 4, 'rsh', 2030, 1021, 192, 168, 1, 30, 192, 168, 0, 20, 'port-scan']
71 fv: 0.803125 [0, 0, 5, 'telnet', 2020, 23, 192, 168, 1, 30, 192, 168, 0, 20, 'port-scan']
72 fv: 0.803125 [0, 0, 4, 'rsh', 2030, 1021, 192, 168, 1, 30, 192, 168, 0, 20, 'port-scan']
73 fv: 0.803125 [0, 0, 5, 'exec', 2032, 512, 192, 168, 1, 30, 192, 168, 0, 20, 'port-scan']
74 fv: 0.803125 [0, 0, 4, 'rsh', 2030, 1021, 192, 168, 1, 30, 192, 168, 0, 20, 'port-scan']
75 fv: 0.803125 [0, 0, 5, 'telnet', 2020, 23, 192, 168, 1, 30, 192, 168, 0, 20, 'port-scan']
76 fv: 0.803125 [0, 0, 4, 'rsh', 2030, 1021, 192, 168, 1, 30, 192, 168, 0, 20, 'port-scan']
77 fv: 0.803125 [0, 0, 5, 'telnet', 2020, 23, 192, 168, 1, 30, 192, 168, 0, 20, 'port-scan']
78 fv: 0.803125 [0, 0, 5, 'exec', 2032, 512, 192, 168, 1, 30, 192, 168, 0, 20, 'port-scan']
79 fv: 0.803125 [0, 0, 5, 'telnet', 2020, 23, 192, 168, 1, 30, 192, 168, 0, 20, 'port-scan']
80 fv: 0.803125 [0, 0, 5, 'exec', 2032, 512, 192, 168, 1, 30, 192, 168, 0, 20, 'port-scan']
81 fv: 0.803125 [0, 0, 5, 'telnet', 2020, 23, 192, 168, 1, 30, 192, 168, 0, 20, 'port-scan']
82 fv: 0.803125 [0, 0, 5, 'exec', 2032, 512, 192, 168, 1, 30, 192, 168, 0, 20, 'port-scan']
83 fv: 0.803125 [0, 0, 5, 'telnet', 2020, 23, 192, 168, 1, 30, 192, 168, 0, 20, 'port-scan']
84 fv: 0.803125 [0, 0, 4, 'rsh', 2030, 1021, 192, 168, 1, 30, 192, 168, 0, 20, 'port-scan']
85 fv: 0.803125 [0, 0, 5, 'telnet', 2020, 23, 192, 168, 1, 30, 192, 168, 0, 20, 'port-scan']
86 fv: 0.803125 [0, 0, 4, 'rsh', 2030, 1021, 192, 168, 1, 30, 192, 168, 0, 20, 'port-scan']
87 fv: 0.803125 [0, 0, 5, 'telnet', 2020, 23, 192, 168, 1, 30, 192, 168, 0, 20, 'port-scan']
88 fv: 0.803125 [0, 0, 4, 'rsh', 2030, 1021, 192, 168, 1, 30, 192, 168, 0, 20, 'port-scan']
89 fv: 0.803125 [0, 0, 5, 'telnet', 2020, 23, 192, 168, 1, 30, 192, 168, 0, 20, 'port-scan']
90 fv: 0.803125 [0, 0, 4, 'rsh', 2030, 1021, 192, 168, 1, 30, 192, 168, 0, 20, 'port-scan']
91 fv: 0.803125 [0, 0, 5, 'telnet', 2020, 23, 192, 168, 1, 30, 192, 168, 0, 20, 'port-scan']
92 fv: 0.803125 [0, 0, 4, 'rsh', 2030, 1021, 192, 168, 1, 30, 192, 168, 0, 20, 'port-scan']
93 fv: 0.803125 [0, 0, 5, 'telnet', 2020, 23, 192, 168, 1, 30, 192, 168, 0, 20, 'port-scan']
94 fv: 0.803125 [0, 0, 4, 'rsh', 2030, 1021, 192, 168, 1, 30, 192, 168, 0, 20, 'port-scan']
95 fv: 0.803125 [0, 0, 5, 'telnet', 2020, 23, 192, 168, 1, 30, 192, 168, 0, 20, 'port-scan']
96 fv: 0.803125 [0, 0, 5, 'exec', 2032, 512, 192, 168, 1, 30, 192, 168, 0, 20, 'port-scan']
97 fv: 0.803125 [0, 0, 4, 'rsh', 2030, 1021, 192, 168, 1, 30, 192, 168, 0, 20, 'port-scan']
98 fv: 0.803125 [0, 0, 5, 'telnet', 2020, 23, 192, 168, 1, 30, 192, 168, 0, 20, 'port-scan']
99 fv: 0.803125 [0, 0, 5, 'exec', 2032, 512, 192, 168, 1, 30, 192, 168, 0, 20, 'port-scan']
100 fv: 0.803125 [0, 0, 5, 'telnet', 2020, 23, 192, 168, 1, 30, 192, 168, 0, 20, 'port-scan']
101 fv: 0.803125 [0, 0, 4, 'rsh', 2030, 1021, 192, 168, 1, 30, 192, 168, 0, 20, 'port-scan']
102 fv: 0.803125 [0, 0, 5, 'telnet', 2020, 23, 192, 168, 1, 30, 192, 168, 0, 20, 'port-scan']
103 fv: 0.803125 [0, 0, 4, 'rsh', 2030, 1021, 192, 168, 1, 30, 192, 168, 0, 20, 'port-scan']
104 fv: 0.803125 [0, 0, 5, 'telnet', 2020, 23, 192, 168, 1, 30, 192, 168, 0, 20, 'port-scan']
105 fv: 0.803125 [0, 0, 4, 'rsh', 2030, 1021, 192, 168, 1, 30, 192, 168, 0, 20, 'port-scan']
106 fv: 0.803125 [0, 0, 5, 'telnet', 2020, 23, 192, 168, 1, 30, 192, 168, 0, 20, 'port-scan']
107 fv: 0.803125 [0, 0, 4, 'rsh', 2030, 1021, 192, 168, 1, 30, 192, 168, 0, 20, 'port-scan']
108 fv: 0.803125 [0, 0, 5, 'exec', 2032, 512, 192, 168, 1, 30, 192, 168, 0, 20, 'port-scan']
109 fv: 0.803125 [0, 0, 5, 'telnet', 2020, 23, 192, 168, 1, 30, 192, 168, 0, 20, 'port-scan']
110 fv: 0.803125 [0, 0, 4, 'rsh', 2030, 1021, 192, 168, 1, 30, 192, 168, 0, 20, 'port-scan']
111 fv: 0.803125 [0, 0, 5, 'telnet', 2020, 23, 192, 168, 1, 30, 192, 168, 0, 20, 'port-scan']
112 fv: 0.803125 [0, 0, 4, 'rsh', 2030, 1021, 192, 168, 1, 30, 192, 168, 0, 20, 'port-scan']
113 fv: 0.803125 [0, 0, 2, 'rsh', 1023, 1021, 192, 168, 1, 30, 192, 168, 0, 20, 'rcp']
114 fv: 0.803125 [0, 0, 14, 'rlogin', 1022, 513, 192, 168, 1, 30, 192, 168, 0, 20, 'rlogin']
115 fv: 0.796725 [-1, 0, 2, 'rsh', 1023, 1021, 192, 168, 1, 30, 192, 168, 0, 20, 'rcp']
116 fv: 0.796725 [0, 0, 2, 'rsh', 1023, 1021, 192, 168, 1, 30, 192, 168, 0, -1, 'rcp']
117 fv: 0.796725 [0, 0, 14, 'rlogin', 1022, 513, 192, 168, 1, 30, 192, 168, 0, -1, 'rlogin']
118 fv: 0.796725 [0, 0, 2, 'rsh', 1023, 1021, 192, 168, 1, 30, 192, 168, -1, 20, 'rcp']
119 fv: 0.796725 [0, 0, 2, 'rsh', 1023, 1021, 192, 168, 1, 30, -1, 168, 0, 20, 'rcp']
120 fv: 0.796725 [0, 0, 4, 'rsh', 2030, 1021, 192, 168, 1, 30, 192, 168, 0, -1, 'port-scan']
121 fv: 0.796725 [0, -1, 5, 'telnet', 2020, 23, 192, 168, 1, 30, 192, 168, 0, 20, 'port-scan']
122 fv: 0.796725 [0, 0, 5, 'exec', 2032, 512, 192, -1, 1, 30, 192, 168, 0, 20, 'port-scan']
123 fv: 0.796725 [-1, 0, 2, 'rsh', 1023, 1021, 192, 168, 1, 30, 192, 168, 0, 20, 'rcp']
124 fv: 0.796725 [0, 0, 5, 'exec', 2032, 512, 192, 168, 1, 30, 192, 168, 0, -1, 'port-scan']
125 fv: 0.796725 [0, 0, 2, 'rsh', 1023, 1021, 192, 168, 1, 30, 192, 168, 0, -1, 'rcp']
126 fv: 0.796725 [0, 0, 2, 'rsh', 1023, 1021, 192, 168, 1, 30, 192, 168, -1, 20, 'rcp']
127 fv: 0.796725 [0, 0, 2, 'rsh', 1023, 1021, 192, -1, 1, 30, 192, 168, 0, 20, 'rcp']
128 fv: 0.796725 [0, 0, 2, 'rsh', 1022, -1, 192, 168, 1, 30, 192, 168, 0, 20, 'rsh']
129 fv: 0.796725 [0, 0, 2, 'rsh', 1023, 1021, 192, 168, 1, 30, 192, 168, 0, -1, 'rcp']
130 fv: 0.796725 [-1, 0, 22, 'telnet', 1867, 23, 192, 168, 1, 30, 192, 168, 0, 20, 'guess']
131 fv: 0.796725 [0, 0, 2, 'rsh', 1023, 1021, 192, 168, 1, 30, -1, 168, 0, 20, 'rcp']
132 fv: 0.796725 [0, 0, 2, 'rsh', 1023, 1021, 192, 168, 1, -1, 192, 168, 0, 20, 'rcp']
133 fv: 0.796725 [0, 0, 14, 'rlogin', 1022, 513, 192, 168, 1, -1, 192, 168, 0, 20, 'rlogin']
134 fv: 0.796725 [0, 0, 5, 'telnet', 2020, 23, 192, 168, -1, 30, 192, 168, 0, 20, 'port-scan']
135 fv: 0.796725 [0, 0, 14, 'rlogin', 1022, 513, 192, 168, 1, -1, 192, 168, 0, 20, 'rlogin']
136 fv: 0.796725 [0, 0, 2, 'rsh', 1023, 1021, 192, -1, 1, 30, 192, 168, 0, 20, 'rcp']
137 fv: 0.796725 [-1, 0, 14, 'rlogin', 1022, 513, 192, 168, 1, 30, 192, 168, 0, 20, 'rlogin']
138 fv: 0.796725 [0, 0, 14, 'rlogin', 1022, 513, 192, 168, 1, 30, 192, 168, 0, -1, 'rlogin']
139 fv: 0.796725 [0, 0, 2, 'rsh', 1022, -1, 192, 168, 1, 30, 192, 168, 0, 20, 'rsh']
140 fv: 0.796725 [0, 0, 22, 'telnet', 1867, 23, 192, 168, 1, 30, 192, -1, 0, 20, 'guess']
141 fv: 0.796725 [0, 0, 14, 'rlogin', 1022, 513, 192, 168, 1, 30, 192, 168, -1, 20, 'rlogin']
142 fv: 0.796725 [-1, 0, 2, 'rsh', 1022, 1021, 192, 168, 1, 30, 192, 168, 0, 20, 'rsh']
143 fv: 0.796725 [0, 0, 22, 'telnet', 1867, 23, 192, 168, 1, 30, 192, -1, 0, 20, 'guess']
144 fv: 0.796725 [0, 0, 22, 'telnet', 1867, 23, 192, 168, 1, 30, 192, -1, 0, 20, 'guess']
145 fv: 0.796725 [0, 0, 5, 'telnet', 2020, 23, 192, -1, 1, 30, 192, 168, 0, 20, 'port-scan']
146 fv: 0.796725 [0, 0, 5, 'telnet', 2020, 23, -1, 168, 1, 30, 192, 168, 0, 20, 'port-scan']
147 fv: 0.796725 [0, 0, 4, 'rsh', 2030, 1021, 192, 168, 1, 30, -1, 168, 0, 20, 'port-scan']
148 fv: 0.796725 [0, 0, 5, 'exec', 2032, 512, 192, 168, 1, 30, 192, -1, 0, 20, 'port-scan']
149 fv: 0.796725 [0, 0, 40, 'telnet', 1914, 23, -1, 168, 1, 30, 192, 168, 0, 20, 'guess']
150 fv: 0.796725 [0, 0, 22, 'telnet', 1867, 23, 192, 168, 1, 30, 192, 168, -1, 20, 'guess']
151 fv: 0.796725 [0, 0, 14, 'rlogin', 1022, 513, 192, 168, 1, 30, 192, 168, -1, 20, 'rlogin']
152 fv: 0.796725 [0, 0, 14, 'rlogin', 1022, 513, 192, 168, 1, 30, 192, 168, 0, -1, 'rlogin']
153 fv: 0.796725 [0, 0, 2, 'rsh', 1022, -1, 192, 168, 1, 30, 192, 168, 0, 20, 'rsh']
154 fv: 0.796725 [0, 0, 2, 'rsh', 1022, 1021, 192, 168, 1, 30, 192, -1, 0, 20, 'rsh']
155 fv: 0.796725 [0, 0, 2, 'rsh', 1023, 1021, 192, 168, 1, 30, -1, 168, 0, 20, 'rcp']
156 fv: 0.796725 [0, 0, 2, 'rsh', 1023, 1021, 192, 168, 1, 30, 192, -1, 0, 20, 'rcp']
157 fv: 0.796725 [0, 0, 2, 'rsh', 1022, 1021, 192, 168, 1, 30, 192, -1, 0, 20, 'rsh']
158 fv: 0.796725 [0, 0, 2, 'rsh', 1022, 1021, 192, 168, 1, 30, 192, 168, 0, -1, 'rsh']
159 fv: 0.796725 [0, 0, 2, 'rsh', 1022, -1, 192, 168, 1, 30, 192, 168, 0, 20, 'rsh']
160 fv: 0.796725 [0, 0, 2, 'rsh', 1022, 1021, 192, 168, 1, 30, -1, 168, 0, 20, 'rsh']
161 fv: 0.796725 [0, 0, 2, 'rsh', 1022, -1, 192, 168, 1, 30, 192, 168, 0, 20, 'rsh']
162 fv: 0.796725 [0, 0, 2, 'rsh', 1022, 1021, 192, 168, -1, 30, 192, 168, 0, 20, 'rsh']
163 fv: 0.796725 [0, 0, 2, 'rsh', 1022, 1021, 192, 168, 1, 30, 192, -1, 0, 20, 'rsh']
164 fv: 0.796725 [0, 0, 2, 'rsh', 1022, 1021, 192, 168, 1, 30, 192, 168, 0, -1, 'rsh']
165 fv: 0.796725 [0, 0, 2, 'rsh', 1022, 1021, 192, 168, 1, 30, 192, -1, 0, 20, 'rsh']
166 fv: 0.796725 [-1, 0, 2, 'rsh', 1022, 1021, 192, 168, 1, 30, 192, 168, 0, 20, 'rsh']
167 fv: 0.796725 [0, 0, 2, 'rsh', 1022, 1021, 192, 168, 1, 30, 192, -1, 0, 20, 'rsh']
168 fv: 0.796725 [0, 0, 2, 'rsh', 1022, 1021, 192, 168, 1, 30, 192, 168, -1, 20, 'rsh']
169 fv: 0.796725 [0, 0, 2, 'rsh', 1022, -1, 192, 168, 1, 30, 192, 168, 0, 20, 'rsh']
170 fv: 0.796725 [-1, 0, 2, 'rsh', 1022, 1021, 192, 168, 1, 30, 192, 168, 0, 20, 'rsh']
171 fv: 0.796725 [0, 0, 2, 'rsh', 1022, 1021, 192, 168, 1, 30, 192, 168, -1, 20, 'rsh']
172 fv: 0.796725 [0, 0, 2, 'rsh', 1022, -1, 192, 168, 1, 30, 192, 168, 0, 20, 'rsh']
173 fv: 0.796725 [0, 0, 2, 'rsh', 1022, 1021, 192, 168, 1, 30, 192, -1, 0, 20, 'rsh']
174 fv: 0.796725 [0, 0, 2, 'rsh', 1022, 1021, -1, 168, 1, 30, 192, 168, 0, 20, 'rsh']
175 fv: 0.796725 [0, 0, 2, 'rsh', 1022, -1, 192, 168, 1, 30, 192, 168, 0, 20, 'rsh']
176 fv: 0.796725 [0, 0, 2, 'rsh', 1022, 1021, 192, 168, -1, 30, 192, 168, 0, 20, 'rsh']
177 fv: 0.796725 [0, 0, 2, 'rsh', 1022, 1021, 192, 168, 1, 30, 192, 168, -1, 20, 'rsh']
178 fv: 0.796725 [0, 0, 2, 'rsh', 1022, 1021, 192, 168, 1, 30, -1, 168, 0, 20, 'rsh']
179 fv: 0.796725 [0, 0, 2, 'rsh', 1022, 1021, 192, -1, 1, 30, 192, 168, 0, 20, 'rsh']
180 fv: 0.796725 [0, 0, 2, 'rsh', 1022, 1021, 192, 168, 1, 30, 192, -1, 0, 20, 'rsh']
181 fv: 0.796725 [0, 0, 2, 'rsh', 1022, 1021, 192, -1, 1, 30, 192, 168, 0, 20, 'rsh']
182 fv: 0.796725 [0, 0, 2, 'rsh', 1022, 1021, 192, 168, 1, -1, 192, 168, 0, 20, 'rsh']
183 fv: 0.796725 [0, 0, 2, 'rsh', 1022, 1021, 192, 168, 1, 30, 192, -1, 0, 20, 'rsh']
184 fv: 0.796725 [-1, 0, 2, 'rsh', 1022, 1021, 192, 168, 1, 30, 192, 168, 0, 20, 'rsh']
185 fv: 0.796725 [0, 0, 2, 'rsh', 1022, 1021, 192, 168, 1, -1, 192, 168, 0, 20, 'rsh']
186 fv: 0.796725 [0, 0, 2, 'rsh', 1022, 1021, 192, 168, 1, 30, 192, -1, 0, 20, 'rsh']
187 fv: 0.796725 [0, 0, 2, 'rsh', 1022, 1021, 192, 168, 1, -1, 192, 168, 0, 20, 'rsh']
188 fv: 0.796725 [0, 0, 2, 'rsh', 1022, -1, 192, 168, 1, 30, 192, 168, 0, 20, 'rsh']
189 fv: 0.796725 [0, 0, 2, 'rsh', 1022, 1021, 192, 168, -1, 30, 192, 168, 0, 20, 'rsh']
190 fv: 0.796725 [0, 0, 2, 'rsh', 1022, 1021, 192, 168, 1, -1, 192, 168, 0, 20, 'rsh']
191 fv: 0.796725 [0, 0, 2, 'rsh', 1022, 1021, 192, 168, -1, 30, 192, 168, 0, 20, 'rsh']
192 fv: 0.796725 [0, 0, 2, 'rsh', 1022, 1021, 192, -1, 1, 30, 192, 168, 0, 20, 'rsh']
193 fv: 0.796725 [0, 0, 2, 'rsh', 1022, 1021, -1, 168, 1, 30, 192, 168, 0, 20, 'rsh']
194 fv: 0.796725 [0, 0, 2, 'rsh', 1022, 1021, 192, 168, 1, 30, 192, 168, 0, -1, 'rsh']
195 fv: 0.796725 [0, 0, 2, 'rsh', 1022, 1021, 192, 168, 1, 30, 192, 168, -1, 20, 'rsh']
196 fv: 0.796725 [0, 0, 2, 'rsh', 1022, -1, 192, 168, 1, 30, 192, 168, 0, 20, 'rsh']
197 fv: 0.796725 [0, 0, 2, 'rsh', 1023, 1021, 192, 168, 1, 30, 192, 168, -1, 20, 'rcp']
198 fv: 0.796725 [0, 0, 2, 'rsh', 1023, 1021, 192, 168, 1, 30, -1, 168, 0, 20, 'rcp']
199 fv: 0.796725 [0, 0, 2, 'rsh', 1023, 1021, 192, 168, 1, 30, 192, 168, -1, 20, 'rcp']
200 fv: 0.796725 [-1, 0, 2, 'rsh', 1023, 1021, 192, 168, 1, 30, 192, 168, 0, 20, 'rcp']
201 fv: 0.796725 [0, 0, 2, 'rsh', 1023, 1021, 192, 168, 1, 30, -1, 168, 0, 20, 'rcp']
202 fv: 0.796725 [0, 0, 2, 'rsh', 1023, 1021, 192, 168, 1, 30, 192, 168, -1, 20, 'rcp']
203 fv: 0.796725 [0, 0, 2, 'rsh', 1023, 1021, 192, 168, 1, 30, -1, 168, 0, 20, 'rcp']
204 fv: 0.796725 [0, 0, 2, 'rsh', 1023, 1021, 192, 168, 1, -1, 192, 168, 0, 20, 'rcp']
205 fv: 0.796725 [0, 0, 2, 'rsh', 1023, 1021, 192, 168, 1, 30, -1, 168, 0, 20, 'rcp']
206 fv: 0.796725 [0, 0, 2, 'rsh', 1023, 1021, 192, -1, 1, 30, 192, 168, 0, 20, 'rcp']
207 fv: 0.796725 [0, 0, 2, 'rsh', 1023, 1021, 192, 168, 1, -1, 192, 168, 0, 20, 'rcp']
208 fv: 0.796725 [0, 0, 2, 'rsh', 1023, 1021, 192, -1, 1, 30, 192, 168, 0, 20, 'rcp']
209 fv: 0.796725 [0, 0, 2, 'rsh', 1023, 1021, 192, 168, 1, 30, 192, 168, -1, 20, 'rcp']
210 fv: 0.796725 [0, 0, 2, 'rsh', 1023, 1021, 192, 168, 1, -1, 192, 168, 0, 20, 'rcp']
211 fv: 0.796725 [0, 0, 2, 'rsh', 1023, 1021, 192, 168, 1, 30, 192, 168, -1, 20, 'rcp']
212 fv: 0.796725 [0, 0, 2, 'rsh', 1023, 1021, -1, 168, 1, 30, 192, 168, 0, 20, 'rcp']
213 fv: 0.796725 [0, 0, 2, 'rsh', 1023, 1021, 192, 168, 1, 30, 192, 168, 0, -1, 'rcp']
214 fv: 0.796725 [0, 0, 2, 'rsh', 1023, 1021, 192, 168, 1, 30, 192, -1, 0, 20, 'rcp']
215 fv: 0.796725 [0, 0, 2, 'rsh', 1023, 1021, 192, -1, 1, 30, 192, 168, 0, 20, 'rcp']
216 fv: 0.796725 [0, 0, 2, 'rsh', 1023, 1021, 192, 168, 1, -1, 192, 168, 0, 20, 'rcp']
217 fv: 0.796725 [0, 0, 2, 'rsh', 1023, 1021, 192, 168, 1, 30, 192, 168, -1, 20, 'rcp']
218 fv: 0.796725 [0, 0, 2, 'rsh', 1023, 1021, 192, 168, 1, 30, -1, 168, 0, 20, 'rcp']
219 fv: 0.796725 [0, 0, 2, 'rsh', 1023, -1, 192, 168, 1, 30, 192, 168, 0, 20, 'rcp']
220 fv: 0.796725 [0, 0, 2, 'rsh', 1023, 1021, 192, 168, 1, 30, -1, 168, 0, 20, 'rcp']
221 fv: 0.796725 [0, 0, 2, 'rsh', 1023, 1021, 192, 168, 1, -1, 192, 168, 0, 20, 'rcp']
222 fv: 0.796725 [0, 0, 2, 'rsh', 1023, 1021, 192, 168, -1, 30, 192, 168, 0, 20, 'rcp']
223 fv: 0.796725 [0, 0, 2, 'rsh', 1023, 1021, 192, 168, 1, 30, 192, -1, 0, 20, 'rcp']
224 fv: 0.796725 [0, 0, 2, 'rsh', 1023, 1021, 192, 168, 1, -1, 192, 168, 0, 20, 'rcp']
225 fv: 0.796725 [0, 0, 2, 'rsh', 1023, 1021, 192, 168, 1, 30, -1, 168, 0, 20, 'rcp']
226 fv: 0.796725 [0, 0, 2, 'rsh', 1023, 1021, 192, 168, 1, -1, 192, 168, 0, 20, 'rcp']
227 fv: 0.796725 [0, 0, 2, 'rsh', 1023, 1021, 192, 168, 1, 30, 192, 168, -1, 20, 'rcp']
228 fv: 0.796725 [0, 0, 2, 'rsh', 1023, 1021, 192, 168, 1, -1, 192, 168, 0, 20, 'rcp']
229 fv: 0.796725 [0, 0, 2, 'rsh', 1023, 1021, 192, 168, 1, 30, 192, 168, -1, 20, 'rcp']
230 fv: 0.796725 [0, 0, 2, 'rsh', 1023, 1021, 192, 168, 1, 30, -1, 168, 0, 20, 'rcp']
231 fv: 0.796725 [0, 0, 2, 'rsh', 1023, 1021, 192, -1, 1, 30, 192, 168, 0, 20, 'rcp']
232 fv: 0.796725 [0, 0, 2, 'rsh', 1023, -1, 192, 168, 1, 30, 192, 168, 0, 20, 'rcp']
233 fv: 0.796725 [0, 0, 2, 'rsh', 1023, 1021, 192, -1, 1, 30, 192, 168, 0, 20, 'rcp']
234 fv: 0.796725 [-1, 0, 2, 'rsh', 1023, 1021, 192, 168, 1, 30, 192, 168, 0, 20, 'rcp']
235 fv: 0.796725 [0, 0, 2, 'rsh', 1023, 1021, 192, 168, 1, 30, -1, 168, 0, 20, 'rcp']
236 fv: 0.796725 [0, 0, 2, 'rsh', 1023, 1021, 192, -1, 1, 30, 192, 168, 0, 20, 'rcp']
237 fv: 0.796725 [0, 0, 2, 'rsh', 1023, 1021, 192, 168, 1, 30, 192, 168, -1, 20, 'rcp']
238 fv: 0.796725 [0, 0, 2, 'rsh', 1023, 1021, 192, 168, 1, 30, 192, 168, 0, -1, 'rcp']
239 fv: 0.796725 [0, 0, 2, 'rsh', 1023, 1021, 192, -1, 1, 30, 192, 168, 0, 20, 'rcp']
240 fv: 0.796725 [0, 0, 2, 'rsh', 1023, 1021, 192, 168, 1, 30, -1, 168, 0, 20, 'rcp']
241 fv: 0.796725 [0, 0, 2, 'rsh', 1023, 1021, -1, 168, 1, 30, 192, 168, 0, 20, 'rcp']
242 fv: 0.796725 [0, 0, 14, 'rlogin', 1022, 513, 192, 168, 1, 30, 192, 168, -1, 20, 'rlogin']
243 fv: 0.796725 [0, 0, 14, 'rlogin', 1022, 513, 192, 168, 1, 30, -1, 168, 0, 20, 'rlogin']
244 fv: 0.796725 [0, 0, 14, 'rlogin', 1022, 513, 192, 168, 1, -1, 192, 168, 0, 20, 'rlogin']
245 fv: 0.796725 [0, 0, 14, 'rlogin', 1022, 513, 192, 168, 1, 30, -1, 168, 0, 20, 'rlogin']
246 fv: 0.796725 [-1, 0, 14, 'rlogin', 1022, 513, 192, 168, 1, 30, 192, 168, 0, 20, 'rlogin']
247 fv: 0.796725 [0, -1, 14, 'rlogin', 1022, 513, 192, 168, 1, 30, 192, 168, 0, 20, 'rlogin']
248 fv: 0.796725 [0, 0, 14, 'rlogin', 1022, 513, 192, 168, 1, 30, 192, 168, 0, -1, 'rlogin']
249 fv: 0.796725 [0, 0, 14, 'rlogin', 1022, 513, 192, 168, 1, -1, 192, 168, 0, 20, 'rlogin']
250 fv: 0.796725 [0, 0, 14, 'rlogin', 1022, 513, 192, 168, 1, 30, 192, 168, -1, 20, 'rlogin']
251 fv: 0.796725 [0, 0, 14, 'rlogin', 1022, 513, 192, 168, 1, 30, 192, -1, 0, 20, 'rlogin']
252 fv: 0.796725 [0, 0, 14, 'rlogin', 1022, 513, 192, 168, 1, 30, 192, 168, 0, -1, 'rlogin']
253 fv: 0.796725 [0, 0, 14, 'rlogin', 1022, 513, 192, 168, 1, 30, 192, -1, 0, 20, 'rlogin']
254 fv: 0.796725 [0, 0, 14, 'rlogin', 1022, 513, -1, 168, 1, 30, 192, 168, 0, 20, 'rlogin']
255 fv: 0.796725 [0, 0, 14, 'rlogin', 1022, 513, 192, 168, 1, -1, 192, 168, 0, 20, 'rlogin']
256 fv: 0.796725 [0, 0, 14, 'rlogin', 1022, 513, 192, 168, 1, 30, -1, 168, 0, 20, 'rlogin']
257 fv: 0.796725 [0, 0, 14, 'rlogin', 1022, 513, 192, 168, 1, -1, 192, 168, 0, 20, 'rlogin']
258 fv: 0.796725 [0, 0, 14, 'rlogin', 1022, 513, 192, 168, 1, 30, 192, -1, 0, 20, 'rlogin']
259 fv: 0.796725 [0, 0, 14, 'rlogin', 1022, 513, 192, -1, 1, 30, 192, 168, 0, 20, 'rlogin']
260 fv: 0.796725 [0, 0, 14, 'rlogin', 1022, -1, 192, 168, 1, 30, 192, 168, 0, 20, 'rlogin']
261 fv: 0.796725 [-1, 0, 14, 'rlogin', 1022, 513, 192, 168, 1, 30, 192, 168, 0, 20, 'rlogin']
262 fv: 0.796725 [0, 0, 14, 'rlogin', 1022, -1, 192, 168, 1, 30, 192, 168, 0, 20, 'rlogin']
263 fv: 0.796725 [0, 0, 14, 'rlogin', 1022, 513, 192, 168, 1, 30, 192, 168, 0, -1, 'rlogin']
264 fv: 0.796725 [0, 0, 14, 'rlogin', 1022, 513, 192, 168, 1, -1, 192, 168, 0, 20, 'rlogin']
265 fv: 0.796725 [0, 0, 14, 'rlogin', 1022, -1, 192, 168, 1, 30, 192, 168, 0, 20, 'rlogin']
266 fv: 0.796725 [0, 0, 14, 'rlogin', 1022, 513, 192, 168, 1, 30, 192, 168, 0, -1, 'rlogin']
267 fv: 0.796725 [0, 0, 14, 'rlogin', 1022, 513, 192, 168, 1, 30, 192, 168, -1, 20, 'rlogin']
268 fv: 0.796725 [0, 0, 14, 'rlogin', 1022, 513, 192, 168, 1, 30, 192, -1, 0, 20, 'rlogin']
269 fv: 0.796725 [0, 0, 14, 'rlogin', 1022, 513, 192, 168, 1, -1, 192, 168, 0, 20, 'rlogin']
270 fv: 0.796725 [0, 0, 14, 'rlogin', 1022, 513, 192, 168, 1, 30, 192, 168, 0, -1, 'rlogin']
271 fv: 0.796725 [0, 0, 14, 'rlogin', 1022, 513, -1, 168, 1, 30, 192, 168, 0, 20, 'rlogin']
272 fv: 0.796725 [0, 0, 14, 'rlogin', 1022, 513, 192, 168, 1, 30, 192, -1, 0, 20, 'rlogin']
273 fv: 0.796725 [0, 0, 14, 'rlogin', 1022, 513, 192, 168, 1, 30, 192, 168, -1, 20, 'rlogin']
274 fv: 0.796725 [0, 0, 14, 'rlogin', 1022, 513, 192, -1, 1, 30, 192, 168, 0, 20, 'rlogin']
275 fv: 0.796725 [0, 0, 14, 'rlogin', 1022, -1, 192, 168, 1, 30, 192, 168, 0, 20, 'rlogin']
276 fv: 0.796725 [0, 0, 14, 'rlogin', 1022, 513, 192, 168, 1, 30, 192, 168, -1, 20, 'rlogin']
277 fv: 0.796725 [0, 0, 14, 'rlogin', 1022, 513, 192, 168, 1, -1, 192, 168, 0, 20, 'rlogin']
278 fv: 0.796725 [0, 0, 14, 'rlogin', 1022, 513, 192, 168, 1, 30, 192, 168, -1, 20, 'rlogin']
279 fv: 0.796725 [0, 0, 14, 'rlogin', 1022, 513, 192, 168, 1, 30, 192, -1, 0, 20, 'rlogin']
280 fv: 0.796725 [0, 0, 14, 'rlogin', 1022, 513, 192, 168, 1, -1, 192, 168, 0, 20, 'rlogin']
281 fv: 0.796725 [0, 0, 14, 'rlogin', 1022, -1, 192, 168, 1, 30, 192, 168, 0, 20, 'rlogin']
282 fv: 0.796725 [0, 0, 14, 'rlogin', 1022, 513, 192, 168, -1, 30, 192, 168, 0, 20, 'rlogin']
283 fv: 0.796725 [0, 0, 14, 'rlogin', 1022, 513, 192, 168, 1, -1, 192, 168, 0, 20, 'rlogin']
284 fv: 0.796725 [0, 0, 14, 'rlogin', 1022, 513, 192, 168, 1, 30, 192, 168, 0, -1, 'rlogin']
285 fv: 0.790325 [0, 0, 2, 'rsh', 1022, 1021, -1, -1, 1, 30, 192, 168, 0, 20, 'rsh']
286 fv: 0.790325 [0, 0, 2, 'rsh', 1022, -1, 192, 168, 1, 30, 192, -1, 0, 20, 'rsh']
287 fv: 0.790325 [0, 0, 5, 'telnet', 2020, 23, 192, 168, 1, -1, 192, -1, 0, 20, 'port-scan']
288 fv: 0.790325 [0, 0, 2, 'rsh', 1023, -1, 192, 168, 1, 30, 192, 168, -1, 20, 'rcp']
289 fv: 0.790325 [0, 0, 2, 'rsh', 1023, 1021, 192, 168, 1, -1, 192, 168, 0, -1, 'rcp']
290 fv: 0.790325 [0, 0, 2, 'rsh', 1023, -1, 192, -1, 1, 30, 192, 168, 0, 20, 'rcp']
291 fv: 0.790325 [0, 0, 2, 'rsh', 1022, 1021, 192, 168, -1, 30, -1, 168, 0, 20, 'rsh']
292 fv: 0.790325 [0, 0, 2, -1, 1023, 1021, 192, 168, 1, -1, 192, 168, 0, 20, 'rcp']
293 fv: 0.790325 [0, 0, 5, 'telnet', 2020, 23, 192, 168, 1, 30, 192, 168, -1, -1, 'port-scan']
294 fv: 0.790325 [0, -1, 2, 'rsh', 1022, 1021, 192, -1, 1, 30, 192, 168, 0, 20, 'rsh']
295 fv: 0.790325 [0, 0, 2, 'rsh', 1023, 1021, -1, -1, 1, 30, 192, 168, 0, 20, 'rcp']
296 fv: 0.790325 [0, 0, 2, 'rsh', 1023, 1021, 192, 168, 1, 30, -1, -1, 0, 20, 'rcp']
297 fv: 0.790325 [0, 0, 2, 'rsh', 1022, 1021, 192, 168, 1, -1, 192, -1, 0, 20, 'rsh']
298 fv: 0.790325 [0, 0, 2, 'rsh', 1022, -1, -1, 168, 1, 30, 192, 168, 0, 20, 'rsh']
299 fv: 0.790325 [0, 0, 40, 'telnet', 1914, 23, 192, 168, -1, 30, 192, -1, 0, 20, 'guess']
300 fv: 0.790325 [0, 0, 14, 'rlogin', 1022, 513, 192, -1, 1, 30, 192, -1, 0, 20, 'rlogin']
301 fv: 0.790325 [0, 0, 5, 'exec', 2032, 512, 192, 168, 1, 30, 192, 168, -1, -1, 'port-scan']
302 fv: 0.790325 [0, 0, 14, 'rlogin', 1022, -1, 192, 168, -1, 30, 192, 168, 0, 20, 'rlogin']
303 fv: 0.790325 [0, 0, 14, 'rlogin', 1022, 513, 192, -1, 1, 30, -1, 168, 0, 20, 'rlogin']
304 fv: 0.790325 [0, 0, 5, 'telnet', 2020, 23, 192, 168, 1, 30, -1, 168, 0, -1, 'port-scan']
305 fv: 0.790325 [-1, -1, 5, 'telnet', 2020, 23, 192, 168, 1, 30, 192, 168, 0, 20, 'port-scan']
306 fv: 0.790325 [0, 0, 14, 'rlogin', 1022, 513, 192, 168, 1, -1, 192, 168, 0, -1, 'rlogin']
307 fv: 0.790325 [0, 0, 2, 'rsh', 1023, -1, 192, 168, 1, -1, 192, 168, 0, 20, 'rcp']
308 fv: 0.790325 [0, 0, 40, 'telnet', 1914, 23, 192, 168, 1, 30, 192, -1, 0, -1, 'guess']
309 fv: 0.790325 [-1, 0, 14, 'rlogin', 1022, 513, 192, -1, 1, 30, 192, 168, 0, 20, 'rlogin']
310 fv: 0.790325 [0, -1, 14, 'rlogin', 1022, 513, 192, 168, 1, 30, 192, 168, -1, 20, 'rlogin']
311 fv: 0.790325 [0, 0, 2, 'rsh', 1023, 1021, 192, 168, -1, 30, 192, -1, 0, 20, 'rcp']
312 fv: 0.790325 [0, 0, 40, 'telnet', 1914, 23, 192, 168, -1, 30, 192, 168, 0, -1, 'guess']
313 fv: 0.790325 [0, 0, 22, 'telnet', 1867, 23, 192, 168, 1, 30, 192, -1, -1, 20, 'guess']
314 fv: 0.790325 [-1, 0, 40, 'telnet', 1914, 23, 192, 168, 1, -1, 192, 168, 0, 20, 'guess']
315 fv: 0.790325 [0, 0, 2, 'rsh', 1022, 1021, -1, 168, 1, 30, 192, 168, -1, 20, 'rsh']
316 fv: 0.790325 [0, 0, 5, 'telnet', 2020, 23, 192, 168, 1, 30, 192, 168, -1, -1, 'port-scan']
317 fv: 0.783925 [0, 0, 40, 'telnet', 1914, 23, 192, 168, 1, -1, 192, 168, -1, -1, 'guess']
318 fv: 0.783925 [0, -1, 5, 'exec', 2032, 512, -1, 168, 1, 30, 192, 168, 0, -1, 'port-scan']
319 fv: 0.783925 [-1, 0, 2, 'rsh', 1023, 1021, 192, -1, 1, 30, 192, 168, -1, 20, 'rcp']
320 fv: 0.783925 [0, 0, 14, 'rlogin', 1022, -1, 192, 168, -1, 30, 192, 168, 0, -1, 'rlogin']
321 fv: 0.783925 [0, 0, 14, 'rlogin', 1022, 513, -1, 168, 1, 30, 192, -1, 0, -1, 'rlogin']
322 fv: 0.783925 [0, 0, 14, 'rlogin', 1022, 513, 192, 168, 1, 30, 192, -1, -1, -1, 'rlogin']
323 fv: 0.783925 [0, 0, 2, 'rsh', 1022, 1021, 192, 168, 1, -1, 192, -1, 0, -1, 'rsh']
324 fv: 0.783925 [0, 0, 40, 'telnet', 1914, 23, 192, 168, -1, -1, -1, 168, 0, 20, 'guess']
325 fv: 0.783925 [0, 0, 14, 'rlogin', 1022, 513, 192, 168, -1, -1, 192, -1, 0, 20, 'rlogin']
326 fv: 0.783925 [0, 0, 4, 'rsh', 2030, 1021, 192, 168, 1, 30, -1, -1, -1, 20, 'port-scan']
327 fv: 0.783925 [0, 0, 40, 'telnet', 1914, 23, 192, -1, -1, -1, 192, 168, 0, 20, 'guess']
328 fv: 0.783925 [0, 0, 2, 'rsh', 1022, 1021, 192, 168, -1, -1, 192, -1, 0, 20, 'rsh']
329 fv: 0.783925 [0, 0, 14, 'rlogin', 1022, 513, 192, 168, 1, -1, -1, 168, 0, -1, 'rlogin']
330 fv: 0.783925 [0, 0, 2, -1, 1023, 1021, 192, 168, 1, -1, 192, 168, 0, -1, 'rcp']
331 fv: 0.783925 [0, 0, 22, 'telnet', 1867, 23, 192, -1, 1, -1, 192, 168, -1, 20, 'guess']
332 fv: 0.783925 [0, 0, 14, 'rlogin', 1022, 513, 192, 168, -1, -1, 192, 168, 0, -1, 'rlogin']
333 fv: 0.783925 [0, 0, 4, -1, 2030, 1021, 192, 168, 1, 30, -1, 168, -1, 20, 'port-scan']
334 fv: 0.783925 [-1, -1, 2, 'rsh', 1023, 1021, 192, 168, 1, 30, 192, -1, 0, 20, 'rcp']
335 fv: 0.777525 [0, -1, 14, 'rlogin', 1022, -1, -1, 168, 1, 30, -1, 168, 0, 20, 'rlogin']
336 fv: 0.777525 [0, 0, 14, 'rlogin', 1022, -1, -1, 168, 1, -1, 192, -1, 0, 20, 'rlogin']
337 fv: 0.777525 [0, 0, 4, 'rsh', 2030, 1021, 192, -1, 1, 30, -1, -1, -1, 20, 'port-scan']
338 fv: 0.777525 [-1, 0, 5, 'telnet', 2020, 23, 192, 168, 1, -1, -1, 168, 0, -1, 'port-scan']
339 fv: 0.777525 [-1, 0, 14, 'rlogin', 1022, 513, -1, 168, 1, 30, -1, 168, -1, 20, 'rlogin']
340 fv: 0.777525 [0, 0, 4, 'rsh', 2030, 1021, -1, 168, 1, -1, 192, -1, 0, -1, 'port-scan']
341 fv: 0.777525 [0, -1, 2, 'rsh', 1022, -1, -1, 168, 1, 30, -1, 168, 0, 20, 'rsh']
342 fv: 0.777525 [0, -1, 2, 'rsh', 1022, 1021, -1, 168, 1, 30, 192, -1, -1, 20, 'rsh']
343 fv: 0.777525 [0, 0, 14, 'rlogin', 1022, 513, -1, -1, 1, 30, 192, -1, -1, 20, 'rlogin']
344 fv: 0.777525 [0, 0, 2, 'rsh', 1022, 1021, -1, -1, -1, 30, 192, 168, 0, -1, 'rsh']
345 fv: 0.777525 [-1, 0, 14, 'rlogin', 1022, 513, -1, 168, 1, 30, -1, -1, 0, 20, 'rlogin']
346 fv: 0.777525 [0, 0, 14, 'rlogin', 1022, 513, 192, 168, 1, -1, -1, -1, 0, -1, 'rlogin']
347 fv: 0.771125 [0, 0, 14, 'rlogin', 1022, 513, -1, 168, -1, 30, -1, 168, -1, -1, 'rlogin']
348 fv: 0.771125 [-1, 0, 22, 'telnet', 1867, -1, 192, 168, 1, 30, -1, 168, -1, -1, 'guess']
349 fv: 0.771125 [-1, 0, 14, 'rlogin', 1022, -1, -1, 168, -1, -1, 192, 168, 0, 20, 'rlogin']
350 fv: 0.771125 [-1, -1, 40, 'telnet', 1914, 23, -1, 168, 1, 30, -1, -1, 0, 20, 'guess']
351 fv: 0.771125 [0, -1, 2, 'rsh', 1023, 1021, -1, 168, -1, -1, 192, 168, -1, 20, 'rcp']
352 fv: 0.771125 [0, 0, 22, 'telnet', 1867, -1, -1, -1, 1, 30, -1, 168, 0, -1, 'guess']
353 fv: 0.771125 [0, 0, -1, -1, 1022, 1021, -1, 168, 1, 30, 192, -1, -1, 20, 'rsh']
354 fv: 0.771125 [0, -1, -1, -1, 1022, 1021, 192, -1, 1, 30, 192, -1, 0, 20, 'rsh']
355 fv: 0.771125 [0, -1, 2, 'rsh', 1022, -1, 192, -1, 1, 30, -1, 168, -1, 20, 'rsh']
356 fv: 0.758325 [0, -1, 2, -1, 1022, 1021, -1, -1, 1, 30, -1, -1, 0, -1, 'rsh']
357 fv: 0.758325 [-1, -1, 14, 'rlogin', 1022, -1, 192, 168, 1, 30, -1, -1, -1, -1, 'rlogin']
358 fv: 0.383925 [0, -1, 2, 'rsh', -1, -1, 192, 168, 1, 30, 192, 168, 0, 20, 'rsh']
359 fv: 0.358325 [0, -1, -1, -1, 1022, -1, 192, -1, 1, 30, -1, 168, 0, -1, 'rlogin']